0 0.248750 0.518965 0.054922 0.080181
0 0.834566 0.547979 0.087852 0.078847
0 0.517398 0.438639 0.048266 0.048611
0 0.431234 0.421431 0.033797 0.036056
0 0.365023 0.438903 0.036563 0.036056
0 0.381754 0.423340 0.023383 0.025681
0 0.326754 0.418153 0.031367 0.033861
0 0.286043 0.405035 0.024914 0.025125
0 0.722699 0.548438 0.064523 0.070153
0 0.595125 0.528715 0.048922 0.060597
0 0.839027 0.618604 0.091758 0.080875
0 0.499820 0.556868 0.065250 0.073042
0 0.532348 0.674667 0.070008 0.105194
0 0.491508 0.462472 0.038531 0.040222
0 0.626020 0.499549 0.052102 0.053181
0 0.447813 0.457743 0.046500 0.048264
0 0.440617 0.581764 0.052109 0.067083
0 0.353422 0.465382 0.048797 0.066292
0 0.342871 0.543014 0.040086 0.067778
0 0.242586 0.433444 0.037484 0.034944
0 0.255641 0.457757 0.032875 0.036597
0 0.215840 0.398486 0.016008 0.015306
0 0.200336 0.399583 0.019359 0.022944
0 0.176676 0.392479 0.020586 0.016375
0 0.288270 0.596424 0.084508 0.178403
