0 0.237512 0.399632 0.020367 0.022514
0 0.597602 0.826569 0.094047 0.139778
0 0.498109 0.628722 0.066484 0.102194
0 0.766156 0.642278 0.077375 0.085111
0 0.920125 0.651618 0.100234 0.102764
0 0.703902 0.503556 0.056852 0.056694
0 0.628617 0.510549 0.052250 0.047597
0 0.650879 0.573160 0.051320 0.038792
0 0.467348 0.438743 0.040352 0.050375
0 0.308668 0.521285 0.039961 0.057486
0 0.544996 0.502125 0.044727 0.050056
0 0.657918 0.699174 0.088586 0.113542
0 0.401004 0.677424 0.060992 0.114903
0 0.443539 0.502944 0.049437 0.066778
0 0.369398 0.587653 0.046719 0.076750
0 0.390766 0.585007 0.090297 0.082125
0 0.409316 0.582924 0.053508 0.068403
0 0.693453 0.502632 0.035781 0.050653
0 0.419023 0.427917 0.047578 0.059722
0 0.346187 0.412806 0.037375 0.038389
0 0.876121 0.926722 0.159320 0.146556
0 0.534555 0.585576 0.056219 0.069597
0 0.546145 0.456410 0.047352 0.042097
0 0.381477 0.477403 0.041906 0.045139
0 0.330570 0.477944 0.043500 0.044056
0 0.375141 0.518521 0.046859 0.045125
0 0.257305 0.484743 0.038047 0.040236
0 0.251551 0.446618 0.037445 0.040125
0 0.262301 0.413333 0.020398 0.020556
0 0.296430 0.414313 0.032484 0.032292
0 0.218238 0.405993 0.017070 0.019569
0 0.190129 0.393264 0.013820 0.015667
