0 0.387727 0.430396 0.031266 0.032986
0 0.272762 0.488569 0.046477 0.055583
0 0.322738 0.478326 0.045242 0.048264
0 0.373328 0.509771 0.046891 0.051181
0 0.630125 0.872000 0.135609 0.186500
0 0.424316 0.566549 0.052336 0.080403
0 0.821996 0.559021 0.068773 0.055764
0 0.709703 0.551840 0.060687 0.062014
0 0.955594 0.604542 0.060469 0.071000
0 0.258871 0.546056 0.041852 0.098833
0 0.565293 0.478840 0.051898 0.052153
0 0.682031 0.497563 0.052500 0.052875
0 0.800590 0.506889 0.063258 0.047667
0 0.567648 0.498556 0.055547 0.091250
0 0.778430 0.655236 0.084578 0.071583
0 0.332496 0.536979 0.043039 0.062375
0 0.301055 0.650069 0.051656 0.093056
0 0.248703 0.405174 0.027969 0.024931
0 0.281605 0.401917 0.024680 0.024139
0 0.300730 0.421625 0.025914 0.021278
0 0.365309 0.408132 0.028383 0.029236
0 0.343926 0.431125 0.028398 0.030056
