0 0.435406 0.945326 0.132203 0.109347
0 0.825617 0.553174 0.072453 0.071042
0 0.765852 0.602361 0.068687 0.075500
0 0.559059 0.775174 0.082117 0.124764
0 0.835090 0.689382 0.090305 0.084542
0 0.555629 0.460847 0.035242 0.038972
0 0.282715 0.652715 0.056102 0.099875
0 0.323359 0.515882 0.047531 0.090819
0 0.502848 0.649896 0.069930 0.107847
0 0.245195 0.468882 0.037844 0.045958
0 0.352063 0.438153 0.024984 0.019639
0 0.396699 0.429840 0.020930 0.020986
0 0.261152 0.544465 0.043961 0.066819
0 0.214863 0.393125 0.015664 0.025972
0 0.199996 0.393597 0.025758 0.024083
0 0.272414 0.407674 0.028688 0.026931
0 0.303398 0.402972 0.027766 0.024889
0 0.323230 0.419465 0.032086 0.036569
0 0.621234 0.453472 0.048125 0.044611
0 0.636039 0.481986 0.040719 0.031444
0 0.615492 0.502826 0.053844 0.046792
0 0.382523 0.478986 0.045203 0.056111
0 0.228148 0.931597 0.110031 0.136472
0 0.462094 0.467375 0.032219 0.043306
0 0.487824 0.457917 0.031898 0.041667
