0 0.476270 0.632667 0.059898 0.081889
0 0.405777 0.447736 0.035039 0.035111
0 0.369461 0.436972 0.026125 0.029444
0 0.341109 0.417722 0.025484 0.027194
0 0.465664 0.448306 0.038859 0.040778
0 0.516949 0.433014 0.047148 0.046444
0 0.662531 0.465861 0.051609 0.050972
0 0.387645 0.479139 0.050320 0.056111
0 0.378687 0.511743 0.047766 0.060653
0 0.465254 0.515528 0.058852 0.071278
0 0.544574 0.581486 0.058852 0.078833
0 0.330531 0.537278 0.046906 0.067333
0 0.232535 0.472076 0.036336 0.033069
0 0.438078 0.582187 0.048578 0.062819
0 0.623305 0.679708 0.078016 0.101861
0 0.292566 0.503799 0.040148 0.049764
0 0.552844 0.472118 0.052297 0.055625
0 0.262273 0.898542 0.121719 0.191667
0 0.778332 0.642958 0.087617 0.117111
0 0.842543 0.615944 0.072773 0.069472
0 0.616543 0.497646 0.051570 0.059653
0 0.285625 0.625569 0.053938 0.103528
0 0.736105 0.518403 0.052773 0.050639
0 0.700043 0.537701 0.057023 0.058625
0 0.302883 0.401292 0.025484 0.030583
0 0.990824 0.642319 0.018023 0.057972
0 0.324227 0.446035 0.041406 0.047569
0 0.267844 0.433007 0.033125 0.021514
0 0.234711 0.438111 0.031859 0.024917
0 0.225473 0.402993 0.021023 0.018125
0 0.256059 0.399597 0.018477 0.031722
