0 0.482926 0.471910 0.041492 0.029542
0 0.482750 0.459958 0.040453 0.051111
0 0.171145 0.394139 0.015602 0.021944
0 0.184520 0.387889 0.018680 0.022861
0 0.210832 0.400694 0.027773 0.021028
0 0.249410 0.399472 0.027430 0.022861
0 0.406703 0.435743 0.032406 0.035653
0 0.373789 0.439403 0.035828 0.034444
0 0.260191 0.550174 0.044242 0.062819
0 0.266027 0.481618 0.043633 0.054625
0 0.344836 0.489271 0.045172 0.058986
0 0.453598 0.519035 0.050695 0.067181
0 0.813414 0.918556 0.165469 0.160722
0 0.427047 0.932201 0.127937 0.130403
0 0.306184 0.413299 0.020102 0.019597
0 0.613719 0.476444 0.036594 0.034639
0 0.575605 0.480167 0.052039 0.051056
0 0.386320 0.626479 0.060344 0.094069
0 0.591023 0.523118 0.037328 0.045514
0 0.456922 0.587201 0.055906 0.070347
0 0.528711 0.726479 0.068359 0.103097
0 0.718422 0.604090 0.064609 0.080347
0 0.850078 0.562396 0.061766 0.079153
0 0.785410 0.561993 0.099039 0.095264
0 0.276934 0.604681 0.046836 0.076667
