0 0.200855 0.476861 0.031555 0.054583
0 0.238387 0.400972 0.029852 0.033500
0 0.264352 0.412340 0.023969 0.025931
0 0.316379 0.419174 0.030789 0.036542
0 0.375699 0.416208 0.031555 0.030333
0 0.389730 0.444944 0.039320 0.033500
0 0.811191 0.676153 0.085023 0.082917
0 0.447770 0.465493 0.035820 0.053069
0 0.545004 0.587556 0.081883 0.106139
0 0.284438 0.629250 0.045203 0.074306
0 0.276766 0.584514 0.041797 0.069750
0 0.237957 0.522354 0.037523 0.057625
0 0.330500 0.545097 0.043500 0.066722
0 0.337320 0.493542 0.043500 0.060639
0 0.536047 0.434410 0.043500 0.042458
0 0.502742 0.485882 0.047000 0.048681
0 0.468668 0.420000 0.041789 0.059139
0 0.447281 0.573403 0.053781 0.065833
0 0.610254 0.474090 0.050336 0.051625
0 0.596523 0.529813 0.038641 0.048931
0 0.397578 0.657521 0.069687 0.137236
0 0.929129 0.608486 0.083602 0.075306
0 0.676910 0.580743 0.062211 0.066819
0 0.522504 0.693181 0.066523 0.116250
0 0.682719 0.721694 0.086203 0.128083
0 0.663152 0.476292 0.043758 0.030861
0 0.282738 0.782111 0.078508 0.169556
0 0.936516 0.692208 0.085641 0.076556
0 0.979398 0.580125 0.041125 0.071694
0 0.214074 0.438194 0.035820 0.043972
0 0.266488 0.452528 0.033352 0.042611
0 0.242605 0.469965 0.036758 0.041097
