0 0.423809 0.421687 0.037070 0.034153
0 0.432930 0.892451 0.100656 0.205264
0 0.561902 0.487681 0.043320 0.049167
0 0.567434 0.447542 0.041477 0.042056
0 0.345449 0.489597 0.041789 0.047528
0 0.295676 0.464201 0.043008 0.051347
0 0.252969 0.402472 0.027656 0.032778
0 0.231770 0.397285 0.017211 0.024569
0 0.190137 0.394715 0.024273 0.025125
0 0.599211 0.644208 0.079937 0.098250
0 0.239656 0.521167 0.040266 0.063167
0 0.853082 0.942514 0.107055 0.108250
0 0.273965 0.839493 0.085648 0.135764
0 0.874926 0.697778 0.079148 0.081972
0 0.507133 0.464465 0.040359 0.037986
0 0.830715 0.612056 0.071617 0.062139
0 0.985582 0.636264 0.028383 0.087583
0 0.639145 0.561507 0.038602 0.050625
0 0.307414 0.529340 0.047016 0.072653
0 0.382117 0.624201 0.050766 0.077236
0 0.340457 0.421069 0.031586 0.039028
0 0.668086 0.521965 0.043828 0.044931
