0 0.271941 0.832722 0.080508 0.161889
0 0.762918 0.409319 0.037430 0.050444
0 0.965617 0.707667 0.064375 0.065278
0 0.238066 0.532743 0.039945 0.051347
0 0.274477 0.489319 0.039641 0.047528
0 0.310117 0.468562 0.042094 0.046431
0 0.379828 0.618069 0.063344 0.106750
0 0.595953 0.465243 0.037469 0.057042
0 0.396926 0.447701 0.038773 0.032097
0 0.427594 0.434479 0.040625 0.039653
0 0.265957 0.405632 0.026820 0.031625
0 0.237543 0.408465 0.027883 0.027847
0 0.192402 0.396667 0.022039 0.024083
0 0.768801 0.568944 0.067367 0.067306
0 0.814422 0.519597 0.059906 0.057917
0 0.772852 0.652861 0.078312 0.090583
0 0.635223 0.557438 0.058961 0.051931
0 0.686523 0.742688 0.090188 0.116347
0 0.478137 0.610028 0.069102 0.096528
0 0.555852 0.466111 0.052828 0.061667
0 0.275813 0.707993 0.062688 0.101264
0 0.608117 0.889674 0.110719 0.182292
0 0.497332 0.481389 0.042758 0.038750
0 0.462691 0.949444 0.114289 0.095083
0 0.326355 0.416861 0.034852 0.035861
