0 0.301063 0.596229 0.042797 0.074347
0 0.289379 0.439646 0.039898 0.046792
0 0.261203 0.471819 0.037844 0.065806
0 0.401465 0.414056 0.036195 0.038028
0 0.371645 0.475479 0.041539 0.040958
0 0.293238 0.778486 0.072430 0.150000
0 0.333816 0.486021 0.042555 0.046042
0 0.322051 0.417250 0.041477 0.034167
0 0.913605 0.577306 0.082945 0.086500
0 0.251699 0.551090 0.041086 0.049458
0 0.292254 0.506646 0.039008 0.062097
0 0.328020 0.541375 0.038570 0.062972
0 0.508844 0.566375 0.054641 0.063167
0 0.431492 0.506194 0.049359 0.070194
0 0.388668 0.635764 0.087852 0.194083
0 0.731535 0.798764 0.118555 0.183472
0 0.897281 0.460250 0.070922 0.064389
0 0.262441 0.406014 0.033727 0.033639
0 0.544289 0.733528 0.073797 0.110306
0 0.748547 0.577972 0.070609 0.064361
0 0.737738 0.492535 0.051555 0.051847
0 0.197656 0.388826 0.022625 0.025597
0 0.212051 0.404549 0.018508 0.020486
