0 0.366016 0.424792 0.040141 0.047306
0 0.877773 0.645674 0.082687 0.071264
0 0.576258 0.483083 0.050875 0.052889
0 0.774734 0.870417 0.118641 0.148306
0 0.456187 0.604014 0.051344 0.077194
0 0.715336 0.513646 0.055375 0.059792
0 0.700340 0.598917 0.066695 0.071306
0 0.267227 0.587076 0.047422 0.076542
0 0.521508 0.653722 0.071312 0.110250
0 0.850840 0.694007 0.089523 0.083181
0 0.340656 0.542938 0.051359 0.061986
0 0.284801 0.690958 0.060633 0.132806
0 0.409402 0.675194 0.059086 0.113833
0 0.445148 0.466882 0.040781 0.043042
0 0.236496 0.522375 0.036320 0.061167
0 0.267078 0.485000 0.045234 0.040778
0 0.229172 0.449319 0.036953 0.044167
0 0.422211 0.543326 0.056062 0.073625
0 0.497707 0.559750 0.057977 0.045306
0 0.488156 0.429500 0.033766 0.040778
0 0.313867 0.415049 0.029781 0.041597
0 0.246949 0.907264 0.098727 0.153556
