0 0.219781 0.411667 0.038547 0.047972
0 0.560852 0.510090 0.048672 0.048569
0 0.289469 0.501903 0.037484 0.041806
0 0.227262 0.470313 0.069102 0.060264
0 0.779273 0.545604 0.044672 0.039958
0 0.745027 0.559569 0.055695 0.054778
0 0.396125 0.691528 0.059344 0.093444
0 0.659371 0.514181 0.059820 0.047861
0 0.240484 0.466326 0.041906 0.049708
0 0.502387 0.554028 0.049195 0.056472
0 0.267316 0.539250 0.040164 0.069194
0 0.620637 0.550562 0.052273 0.055542
0 0.866848 0.720812 0.096039 0.097514
0 0.347527 0.424396 0.035242 0.036208
0 0.435082 0.437611 0.042945 0.056778
0 0.428746 0.499771 0.049008 0.053847
0 0.368180 0.509563 0.050109 0.063625
0 0.731914 0.618826 0.074609 0.079597
